1 36
1 8
1 46
1 39
1 39
2 3
2 37
2 44
2 3
2 51
2 47
2 3
2 35
2 46
2 30
2 7
2 47
2 38
2 20
2 6
2 51
2 20
2 7
2 7
2 46
2 46
2 43
2 40
2 30
2 35
2 30
2 35
2 46
2 22
2 44
2 30
2 22
2 31
2 47
2 13
2 8
2 47
2 35
2 44
2 3
2 37
2 54
2 24
2 32
2 21
2 11
2 12
3 37
3 44
3 2
3 12
3 28
3 6
3 2
3 36
3 6
3 21
3 6
3 43
3 8
3 24
3 14
3 40
3 8
3 2
3 46
3 8
3 46
3 30
3 35
3 22
3 2
3 44
3 37
3 2
3 54
3 24
3 32
3 21
4 12
4 47
4 31
4 48
4 35
4 7
4 38
4 47
4 35
4 43
4 7
4 54
4 8
4 8
4 46
4 54
4 30
4 22
4 47
4 38
4 20
4 5
4 51
4 16
5 9
5 11
5 25
5 48
5 36
5 53
5 14
5 47
5 53
5 20
5 53
5 32
5 47
5 38
5 20
5 51
5 4
5 16
6 48
6 48
6 2
6 51
6 52
6 33
6 3
6 37
6 21
6 47
6 51
6 48
6 43
6 8
6 7
6 48
6 8
6 46
6 33
6 8
6 46
6 43
6 8
6 2
6 46
6 51
6 24
6 33
6 52
7 16
7 22
7 30
7 28
7 48
7 21
7 43
7 12
7 33
7 18
7 30
7 22
7 54
7 43
7 8
7 47
7 18
7 20
7 20
7 8
7 50
7 48
7 55
7 24
7 8
7 46
7 40
7 43
7 35
7 22
7 30
7 29
7 29
8 3
8 16
8 16
8 14
8 34
8 24
8 46
8 35
8 22
8 30
8 3
8 48
8 24
8 14
8 13
8 33
8 3
8 33
8 15
8 16
8 6
8 20
8 49
8 9
8 20
8 18
8 2
8 46
8 35
8 22
8 30
8 13
8 24
8 13
8 24
8 47
8 34
8 26
8 6
8 20
8 43
8 16
8 20
8 20
8 9
8 13
8 35
8 30
8 14
8 33
8 30
8 35
8 22
8 30
8 46
8 46
8 2
8 46
8 55
8 6
8 34
8 55
8 46
8 46
8 30
8 48
8 55
8 24
8 46
8 40
8 43
8 35
8 22
8 7
8 30
8 29
8 29
9 25
9 28
9 14
10 39
10 33
10 18
10 50
10 34
10 14
10 42
10 33
10 45
10 12
10 25
10 14
10 48
11 14
11 53
11 25
11 12
11 36
11 36
11 53
11 21
11 33
11 24
11 24
11 25
11 14
11 22
11 35
11 33
11 14
11 9
11 53
11 31
11 42
11 33
12 28
12 48
12 25
12 11
12 28
12 48
12 25
12 48
12 48
12 11
12 25
12 14
12 23
12 11
12 2
12 25
12 10
12 14
12 48
13 48
13 8
13 24
13 14
13 26
13 8
13 42
13 15
13 8
13 8
13 21
13 42
13 8
13 34
13 24
13 8
13 21
13 8
13 42
13 34
13 33
13 14
13 42
13 14
13 42
14 25
14 36
14 36
14 42
14 42
14 24
14 10
14 13
14 13
14 24
14 8
14 42
14 42
14 42
14 42
14 41
14 41
14 42
14 42
14 26
14 42
14 13
14 23
14 12
14 25
14 10
14 48
15 36
15 14
15 26
15 14
15 48
15 48
15 45
15 42
15 34
15 21
15 8
15 10
15 24
15 35
15 46
15 26
16 49
16 48
16 36
16 48
16 8
16 6
16 33
16 8
16 47
16 45
16 48
16 9
16 51
16 5
16 51
16 47
16 33
16 8
16 48
16 8
16 35
16 46
16 46
16 30
16 46
16 44
16 49
16 22
16 30
16 35
16 47
16 38
16 20
16 5
16 51
16 4
17 36
17 8
17 2
17 52
17 22
17 20
17 2
17 48
17 46
17 34
17 8
17 6
17 2
17 47
17 8
17 7
17 8
17 31
17 46
17 35
17 35
17 22
17 7
18 8
18 39
18 33
18 10
18 50
18 34
18 36
18 48
18 33
18 39
18 36
18 35
18 2
18 8
18 24
18 35
18 36
18 33
18 15
18 21
18 33
18 50
18 48
19 28
19 36
19 36
20 12
20 48
20 9
20 5
20 2
20 52
20 47
20 12
20 9
20 5
20 47
20 48
20 49
20 16
20 6
20 5
20 8
20 46
20 24
20 8
20 47
20 34
20 35
20 46
20 8
20 6
20 35
20 22
20 8
20 46
20 46
20 47
20 34
20 35
20 40
20 6
20 6
20 43
20 8
20 46
20 35
20 2
20 47
20 48
20 47
20 38
20 5
20 51
20 4
20 16
21 12
21 48
21 28
21 32
21 33
21 40
21 43
21 43
21 17
21 7
21 51
21 24
21 24
21 35
21 30
21 8
21 24
21 24
21 10
21 22
21 8
21 43
21 32
21 44
21 3
21 37
21 2
21 54
21 24
21 32
22 35
22 2
22 3
22 16
22 35
22 8
22 30
22 54
22 21
22 44
22 48
22 3
22 2
22 35
22 30
22 54
22 16
22 51
22 6
22 6
22 30
22 51
22 18
22 36
22 8
22 35
22 35
22 30
22 35
22 35
22 48
22 55
22 24
22 8
22 46
22 40
22 43
22 35
22 7
22 30
22 29
22 29
23 53
23 26
23 41
23 14
23 9
23 40
23 2
23 37
23 25
24 3
24 32
24 28
24 21
24 15
24 33
24 18
24 14
24 6
24 45
24 43
24 7
24 33
24 21
24 2
24 51
24 21
24 18
24 10
24 40
24 13
24 8
24 33
24 40
24 1
24 12
24 33
24 8
24 26
24 33
24 45
24 44
24 3
24 37
24 2
24 54
24 32
24 21
24 48
24 55
24 8
24 46
24 40
24 43
24 35
24 22
24 7
24 30
24 29
24 29
24 48
25 11
25 11
25 45
25 9
25 28
25 12
25 10
25 14
25 48
26 15
26 21
26 11
26 33
26 39
26 18
26 15
26 14
26 45
26 22
26 8
26 46
26 38
26 8
26 46
26 8
27 48
27 35
27 47
27 8
27 48
28 36
28 31
28 9
28 45
28 36
28 25
28 31
28 14
28 25
28 36
28 53
28 14
28 13
28 42
28 53
28 33
28 48
28 29
28 24
28 21
28 8
28 46
28 40
28 43
28 35
28 7
28 54
28 22
28 30
28 36
28 36
28 6
28 31
28 24
28 43
28 48
28 33
28 32
28 21
28 21
28 33
28 33
28 36
28 12
28 45
28 25
29 48
29 24
29 8
29 46
29 40
29 43
29 35
29 22
29 7
29 30
29 27
29 55
30 2
30 3
30 16
30 14
30 8
30 46
30 35
30 7
30 22
30 21
30 46
30 35
30 2
30 3
30 14
30 13
30 8
30 2
30 37
30 7
30 8
30 3
30 8
30 16
30 20
30 51
30 16
30 2
30 8
30 35
30 8
30 46
30 35
30 2
30 51
30 38
30 8
30 50
30 10
30 47
30 8
30 22
30 8
30 46
30 46
30 8
30 54
30 35
30 48
30 35
30 55
30 29
30 48
30 55
30 24
30 8
30 46
30 40
30 43
30 35
30 22
30 7
30 29
30 29
31 12
31 36
31 3
31 48
31 17
31 24
31 6
31 18
31 43
31 8
31 6
31 6
31 8
31 46
31 35
31 30
31 48
31 8
31 8
31 30
31 7
31 43
31 8
31 7
31 35
31 30
31 22
31 30
31 35
31 7
31 48
31 8
31 46
31 40
31 35
31 22
31 30
31 48
31 8
31 46
31 40
31 35
31 30
31 6
32 48
32 24
32 26
32 21
32 24
32 5
32 8
32 44
32 3
32 37
32 2
32 54
32 24
32 21
32 24
32 45
33 39
33 10
33 18
33 50
33 34
33 48
33 18
33 21
33 24
33 39
33 14
33 43
33 40
33 7
33 43
33 40
33 7
33 8
33 13
33 8
33 2
33 46
33 48
33 34
33 16
33 34
33 8
33 48
33 34
33 48
33 50
33 10
33 21
33 46
33 50
33 35
33 30
33 35
33 25
33 24
33 12
33 50
33 48
34 46
34 8
34 14
34 33
34 33
34 48
34 8
34 46
34 43
34 35
34 15
34 14
34 42
34 18
34 14
34 15
34 13
34 39
34 8
34 46
34 35
34 46
34 46
34 35
34 39
34 3
34 45
34 7
34 8
34 46
34 43
34 35
34 43
35 22
35 3
35 16
35 16
35 46
35 22
35 30
35 48
35 2
35 33
35 8
35 46
35 32
35 33
35 10
35 39
35 42
35 20
35 46
35 4
35 18
35 51
35 55
35 23
35 48
35 14
35 25
35 48
35 55
35 24
35 8
35 46
35 40
35 43
35 22
35 7
35 30
35 29
35 29
36 8
36 18
36 45
36 28
36 48
36 18
36 33
36 53
36 11
36 33
36 45
36 18
36 48
36 48
36 3
36 47
36 31
36 31
36 18
36 33
36 1
36 54
36 14
36 53
36 24
36 7
36 8
36 40
36 14
36 25
36 14
36 14
36 24
36 8
36 14
37 3
37 44
37 3
37 2
37 48
37 7
37 44
37 3
37 2
37 54
37 24
37 32
37 21
38 47
38 10
38 18
38 48
38 8
38 46
38 35
38 30
38 8
38 35
38 48
38 8
38 46
38 35
38 8
38 48
38 13
38 13
38 46
38 13
38 13
38 35
38 8
38 46
38 47
38 20
38 5
38 51
38 4
38 16
39 33
39 10
39 18
39 50
39 34
39 53
39 50
39 54
39 18
39 24
39 33
39 34
40 3
40 2
40 16
40 46
40 3
40 2
40 26
40 2
40 14
40 31
40 46
40 4
40 20
40 13
40 46
40 52
40 46
40 55
40 48
40 55
40 24
40 8
40 46
40 43
40 35
40 22
40 7
40 30
40 29
40 29
40 8
40 46
41 36
41 14
41 11
41 45
41 14
41 33
41 33
41 50
41 16
41 13
41 42
41 13
41 13
41 13
41 14
41 42
41 14
41 42
41 13
42 48
42 8
42 24
42 14
42 41
42 15
42 14
42 11
42 18
42 13
42 24
42 8
42 15
42 33
42 12
42 6
42 8
42 13
42 48
42 34
42 8
42 46
42 43
42 35
42 8
42 46
42 44
42 33
42 8
42 15
42 30
42 14
42 8
42 48
42 46
42 7
42 24
42 30
42 43
42 13
42 14
42 14
42 13
43 3
43 2
43 16
43 49
43 16
43 8
43 3
43 48
43 2
43 24
43 33
43 21
43 33
43 8
43 4
43 47
43 6
43 20
43 2
43 8
43 8
43 46
43 8
43 29
43 48
43 55
43 24
43 8
43 46
43 40
43 35
43 22
43 7
43 30
43 29
43 29
44 12
44 21
44 33
44 18
44 51
44 16
44 54
44 8
44 46
44 24
44 8
44 46
44 35
44 22
44 30
44 7
44 35
44 22
44 30
44 55
44 3
44 37
44 2
44 54
44 24
44 32
44 21
45 28
45 11
45 25
45 47
45 10
45 50
45 33
45 31
45 31
45 6
45 24
45 48
45 33
45 36
46 2
46 16
46 34
46 8
46 35
46 30
46 3
46 2
46 32
46 8
46 35
46 13
46 8
46 35
46 16
46 24
46 48
46 2
46 35
46 33
46 14
46 8
46 55
46 8
46 48
46 55
46 24
46 8
46 40
46 43
46 35
46 22
46 7
46 30
46 29
46 29
46 34
46 55
47 12
47 33
47 38
47 4
47 38
47 4
47 35
47 38
47 16
47 51
47 38
47 4
47 32
47 51
47 52
47 20
47 9
47 5
47 16
47 33
47 8
47 45
47 48
47 16
47 38
47 20
47 5
47 51
47 4
47 16
48 18
48 8
48 45
48 28
48 19
48 3
48 8
48 36
48 36
48 28
48 31
48 24
48 21
48 21
48 33
48 33
48 40
48 32
48 7
48 2
48 8
48 13
48 37
48 7
48 16
48 46
48 35
48 30
48 30
48 7
48 8
48 6
48 16
48 35
48 31
48 47
48 16
48 24
48 16
48 46
48 35
48 35
48 16
48 7
48 30
48 22
48 22
48 8
48 35
48 18
48 36
48 8
48 33
48 46
48 43
48 33
48 33
48 10
48 50
48 54
48 54
48 40
48 43
48 8
48 8
48 35
48 22
48 46
48 30
48 30
48 54
48 3
48 2
48 37
48 24
48 55
48 12
48 44
48 3
48 37
48 2
48 54
48 24
48 32
48 21
48 55
48 24
48 8
48 46
48 40
48 43
48 35
48 22
48 7
48 30
48 29
48 29
49 48
49 34
49 33
49 35
49 8
49 20
49 30
49 7
49 24
49 47
49 55
49 16
50 26
50 45
50 18
50 33
50 39
50 33
50 10
50 18
50 34
50 48
50 14
50 10
50 35
50 35
50 30
50 33
50 7
51 12
51 6
51 52
51 5
51 2
51 23
51 2
51 48
51 14
51 46
51 11
51 2
51 12
51 47
51 38
51 20
51 5
51 4
51 16
52 2
52 51
52 23
52 35
52 30
52 35
52 46
52 8
52 6
53 28
53 36
53 9
53 51
53 47
53 1
53 36
53 1
53 33
53 39
53 14
53 48
53 5
53 23
53 24
53 9
53 47
53 23
53 45
53 5
54 48
54 33
54 14
54 44
54 30
54 13
54 14
54 22
54 30
54 7
54 35
54 3
54 50
54 22
54 23
54 22
54 30
54 13
54 14
54 7
54 30
54 30
54 30
54 44
54 3
54 37
54 2
54 24
54 32
54 21
55 48
55 28
55 29
55 8
55 46
55 43
55 40
55 48
55 3
55 2
55 24
55 8
55 46
55 40
55 43
55 35
55 22
55 7
55 30
55 8
55 46
55 40
55 43
55 35
55 30
55 8
55 10
